rho_non_jump=0.05727140446629083
sigma_dai_annual=0.06024456399968474
sigma_weth_annual=0.8216981385721918
sigma_h2=0.6731470433823366
